 f(x) = p1*x^8 + p2*x^7 + p3*x^6 + p4*x^5 + 
                    p5*x^4 + p6*x^3 + p7*x^2 + p8*x + p9
Coefficients (with 95% confidence bounds):
       p1 =  -1.166e-07  (-1.414e-07, -9.187e-08)
       p2 =   7.393e-06  (5.904e-06, 8.882e-06)
       p3 =  -0.0001929  (-0.0002296, -0.0001562)
       p4 =    0.002666  (0.002188, 0.003144)
       p5 =    -0.02085  (-0.02437, -0.01732)
       p6 =     0.09005  (0.07539, 0.1047)
       p7 =     -0.1787  (-0.2108, -0.1466)
       p8 =    -0.06188  (-0.09347, -0.0303)
       p9 =       1.019  (1.009, 1.029)